5 15 #SUP: 8001
5 23 #SUP: 8838
5 8 36 #SUP: 8601
5 12 36 #SUP: 8823
5 8 11 #SUP: 8894
5 12 11 #SUP: 8894
5 14 3 #SUP: 8643
5 8 3 #SUP: 9223
5 12 3 #SUP: 8772
12 8 17 #SUP: 8041
5 8 17 #SUP: 9538
5 12 17 #SUP: 9254
5 46 7 #SUP: 8310
5 8 16 7 #SUP: 8452
5 12 16 7 #SUP: 8917
5 8 9 7 #SUP: 8824
5 12 9 7 #SUP: 9171
5 12 8 7 #SUP: 12250
5 8 21 14 #SUP: 8975
5 12 21 14 #SUP: 9130
5 8 46 14 #SUP: 9337
5 12 46 14 #SUP: 9282
5 9 18 14 #SUP: 8656
5 12 8 18 14 #SUP: 8580
5 8 16 14 #SUP: 8172
5 12 16 14 #SUP: 8377
5 12 8 9 14 #SUP: 9131
5 8 46 21 #SUP: 8874
5 12 46 21 #SUP: 9155
5 9 18 21 #SUP: 8584
5 12 8 18 21 #SUP: 8284
5 9 16 21 #SUP: 8095
5 12 8 16 21 #SUP: 8198
5 12 8 9 21 #SUP: 8995
5 9 18 46 #SUP: 8127
5 12 8 18 46 #SUP: 8104
9 16 46 #SUP: 8008
5 12 8 16 46 #SUP: 8421
5 12 8 9 46 #SUP: 9284
5 9 16 18 #SUP: 9285
5 12 8 16 18 #SUP: 9236
5 12 8 9 18 #SUP: 10020
5 12 8 9 16 #SUP: 10813
