35 #SUP: 1063
5 13 16 #SUP: 1128
5 8 16 #SUP: 1202
5 8 42 #SUP: 1252
5 8 29 19 #SUP: 1061
5 8 1 12 #SUP: 1467
5 9 12 #SUP: 1071
5 8 7 12 #SUP: 1153
5 8 29 12 #SUP: 1109
5 1 14 #SUP: 1162
5 8 29 14 #SUP: 1077
5 8 1 13 #SUP: 1157
5 8 9 13 #SUP: 1126
5 8 7 13 #SUP: 1320
5 8 29 13 #SUP: 1114
5 8 46 4 #SUP: 1090
5 8 3 4 #SUP: 1137
5 8 1 4 #SUP: 1159
5 8 9 4 #SUP: 1171
5 8 7 4 #SUP: 1268
5 8 29 4 #SUP: 1355
5 8 3 46 #SUP: 1083
5 8 1 46 #SUP: 1340
5 8 9 46 #SUP: 1286
5 8 7 46 #SUP: 1456
5 8 29 46 #SUP: 1440
5 8 7 9 3 #SUP: 1075
5 8 29 3 #SUP: 1502
5 7 9 1 #SUP: 1085
5 8 9 1 #SUP: 1427
5 8 7 1 #SUP: 1506
5 8 29 1 #SUP: 1586
5 8 29 7 9 #SUP: 1124
