5 8 36 #SUP: 8601
5 12 36 #SUP: 8823
5 8 11 #SUP: 8894
5 11 12 #SUP: 8894
3 5 14 #SUP: 8643
3 5 12 #SUP: 8772
3 5 8 #SUP: 9223
5 12 17 #SUP: 9254
8 12 17 #SUP: 8041
5 8 17 #SUP: 9538
5 7 46 #SUP: 8310
7 8 16 #SUP: 8563
7 12 16 #SUP: 9109
5 7 16 #SUP: 9951
7 8 9 #SUP: 8951
7 9 12 #SUP: 9398
5 7 9 #SUP: 10464
7 8 12 #SUP: 12439
5 7 8 #SUP: 13872
5 7 12 #SUP: 14525
8 14 16 #SUP: 8298
12 14 16 #SUP: 8558
5 14 16 #SUP: 10016
8 14 21 #SUP: 9139
12 14 21 #SUP: 9360
5 14 21 #SUP: 11029
12 14 46 #SUP: 9397
8 14 46 #SUP: 9417
5 14 46 #SUP: 11209
9 14 18 #SUP: 8829
12 14 18 #SUP: 10611
8 14 18 #SUP: 10902
5 14 18 #SUP: 12944
8 9 14 #SUP: 11246
9 12 14 #SUP: 11248
5 9 14 #SUP: 13264
5 12 14 #SUP: 16599
8 12 14 #SUP: 14091
5 8 14 #SUP: 16788
8 21 46 #SUP: 8968
12 21 46 #SUP: 9272
5 21 46 #SUP: 10978
9 16 21 #SUP: 8252
8 16 21 #SUP: 9909
12 16 21 #SUP: 10507
5 16 21 #SUP: 12234
9 18 21 #SUP: 8737
12 18 21 #SUP: 10475
8 18 21 #SUP: 10500
5 18 21 #SUP: 12775
8 9 21 #SUP: 11038
9 12 21 #SUP: 11480
5 9 21 #SUP: 13455
8 12 21 #SUP: 13939
5 8 21 #SUP: 16472
5 12 21 #SUP: 16961
9 16 46 #SUP: 8008
8 16 46 #SUP: 10016
12 16 46 #SUP: 10468
5 16 46 #SUP: 12187
9 18 46 #SUP: 8190
12 18 46 #SUP: 9905
8 18 46 #SUP: 10205
5 18 46 #SUP: 12218
8 9 46 #SUP: 11192
9 12 46 #SUP: 11410
5 9 46 #SUP: 13443
8 12 46 #SUP: 14371
5 8 46 #SUP: 17007
5 12 46 #SUP: 17229
9 16 18 #SUP: 9442
8 16 18 #SUP: 11506
12 16 18 #SUP: 11657
5 16 18 #SUP: 14080
9 12 18 #SUP: 12432
8 9 18 #SUP: 12589
5 9 18 #SUP: 15074
5 12 18 #SUP: 18337
8 12 18 #SUP: 15375
5 8 18 #SUP: 18813
8 9 16 #SUP: 12992
9 12 16 #SUP: 13468
5 9 16 #SUP: 15637
8 12 16 #SUP: 17041
5 8 16 #SUP: 19799
5 12 16 #SUP: 20357
8 9 12 #SUP: 18000
5 8 9 #SUP: 21217
5 9 12 #SUP: 21352
5 8 12 #SUP: 27371
