7 #SUP: 20081
5 7 #SUP: 19701
13 22 #SUP: 18951
5 13 22 #SUP: 18532
8 22 #SUP: 18899
5 8 22 #SUP: 18608
11 22 #SUP: 20752
5 11 22 #SUP: 20322
5 22 #SUP: 22744
22 #SUP: 23202
13 15 #SUP: 18797
5 13 15 #SUP: 18393
8 15 #SUP: 19592
5 8 15 #SUP: 19307
11 15 #SUP: 20457
5 11 15 #SUP: 20043
5 15 #SUP: 22824
15 #SUP: 23265
13 48 #SUP: 19082
5 13 48 #SUP: 18858
8 48 #SUP: 19439
5 8 48 #SUP: 19277
11 48 #SUP: 20755
5 11 48 #SUP: 20528
5 48 #SUP: 23049
48 #SUP: 23289
11 13 19 #SUP: 18705
5 11 13 19 #SUP: 18337
5 13 19 #SUP: 19598
13 19 #SUP: 19990
11 8 19 #SUP: 19093
5 11 8 19 #SUP: 18813
5 8 19 #SUP: 20461
8 19 #SUP: 20763
11 19 #SUP: 23195
5 11 19 #SUP: 22789
5 19 #SUP: 24695
19 #SUP: 25130
8 13 17 #SUP: 18555
5 8 13 17 #SUP: 18285
11 13 17 #SUP: 20766
5 11 13 17 #SUP: 20357
5 13 17 #SUP: 22046
13 17 #SUP: 22472
11 8 17 #SUP: 20069
5 11 8 17 #SUP: 19799
5 8 17 #SUP: 22270
8 17 #SUP: 22554
11 17 #SUP: 24459
5 11 17 #SUP: 24031
5 17 #SUP: 26766
17 #SUP: 27214
8 13 9 #SUP: 19432
5 8 13 9 #SUP: 19115
11 13 9 #SUP: 21830
5 11 13 9 #SUP: 21352
5 13 9 #SUP: 22866
13 9 #SUP: 23358
11 8 9 #SUP: 21540
5 11 8 9 #SUP: 21217
5 8 9 #SUP: 23929
8 9 #SUP: 24265
11 9 #SUP: 26044
5 11 9 #SUP: 25538
5 9 #SUP: 28413
9 #SUP: 28934
11 8 13 #SUP: 27814
5 11 8 13 #SUP: 27371
5 8 13 #SUP: 30359
8 13 #SUP: 30836
11 13 #SUP: 33573
5 11 13 #SUP: 32862
5 13 #SUP: 36201
13 #SUP: 36959
11 8 #SUP: 33162
5 11 8 #SUP: 32685
5 8 #SUP: 37453
8 #SUP: 37967
11 #SUP: 39922
5 11 #SUP: 39159
5 #SUP: 44396
